4 2 7 6 4 7 4 10 4 5 9 8 2 4 7 8 3 6 5 9	
0 178 344 59 314 154 358 173 369 213 374 253 217 147 366 357 220 239 233 229
178 0 286 133 324 47 425 51 255 72 268 162 327 286 443 232 332 391 362 56
344 286 0 290 124 325 259 237 110 218 95 446 284 316 286 135 290 395 330 262
59 133 290 0 274 121 339 117 310 156 315 242 213 158 351 298 217 261 240 178
314 324 124 274 0 352 136 274 230 272 217 483 181 235 163 250 187 293 224 321
154 47 325 121 352 0 442 88 301 117 314 132 331 280 458 278 335 382 361 100
358 425 259 339 136 442 0 377 367 386 354 574 153 230 27 386 154 233 172 435
173 51 237 117 274 88 377 0 218 41 229 213 288 256 396 199 294 362 326 66
369 255 110 310 230 301 367 218 0 184 19 402 368 382 393 32 374 475 415 213
213 72 218 156 272 117 386 41 184 0 197 229 312 287 407 162 317 393 352 49
374 268 95 315 217 314 354 229 19 197 0 418 362 380 380 52 368 470 409 229
253 162 446 242 483 132 574 213 402 229 418 0 456 396 588 374 459 492 480 189
217 327 284 213 181 331 153 288 368 312 362 456 0 78 154 376 6 112 47 354
147 286 316 158 235 280 230 256 382 287 380 396 78 0 232 383 78 106 85 322
366 443 286 351 163 458 27 396 393 407 380 588 154 232 0 412 154 223 166 455
357 232 135 298 250 278 386 199 32 162 52 374 376 383 412 0 382 479 422 187
220 332 290 217 187 335 154 294 374 317 368 459 6 78 154 382 0 107 41 359
239 391 395 261 293 382 233 362 475 393 470 492 112 106 223 479 107 0 69 428
233 362 330 240 224 361 172 326 415 352 409 480 47 85 166 422 41 69 0 392
229 56 262 178 321 100 435 66 213 49 229 189 354 322 455 187 359 428 392 0